image: map3.pgm
resolution: 0.100000
origin: [-13.800000, -20.200000, 0.000000]
negate: 0
occupied_thresh: 0.65
free_thresh: 0.196
